,Unnamed: 0,ReH,ReE,ReHtilde,SetNum
0,0,0.2282776124296465,-0.5685730262822623,-0.4204251379226069,152
1,1,0.0650283602460664,-0.744105396311337,-0.1200258190246609,152
2,2,0.07005744946688475,-0.5597826188777227,-0.2620032222875378,152
3,3,0.14144934004469473,-0.49916519031523715,-0.2947600472394884,152
4,4,0.006596164040963237,-1.1426309192070716,0.4070046209640536,152
5,5,0.1320139121478331,-0.5164593231868964,-0.25647915316057923,152
6,6,0.21819459021627677,-0.4634029057398625,-0.5098996879924018,152
7,7,0.2782558280250185,-0.11516743888890066,-0.9677494893256252,152
8,8,0.13515310016181603,-1.0264179953407095,0.09531426230423008,152
9,9,0.08242740002011897,-1.0113319927865412,0.056712547339026566,152
10,10,0.21198033478011713,-0.3411681987916836,-0.40090381364715744,152
11,11,0.01203990764237364,-1.230337823553793,0.5026458185716013,152
12,12,0.07071107727081395,-0.7545992151313056,-0.028548825675139788,152
13,13,0.18797829369412017,-0.4922182704107487,-0.2716951976235256,152
14,14,0.1846263956726324,-0.4834719807988856,-0.2868925985260007,152
15,15,0.17877568742949967,-0.8336640759407944,-0.2145880094194696,152
16,16,0.19410618744758876,-0.4935152665434535,-0.5215953108572372,152
17,17,0.20504194254977662,-0.452989892801072,-0.5439633908519446,152
18,18,0.19171550678482027,-0.8361810190346014,-0.12659566700897296,152
19,19,0.1207896143825171,-0.8389082855427829,-0.16559407055511652,152
20,20,0.22807791582638276,-0.832904059061218,-0.12532406914045455,152
21,21,0.08259917695610176,-1.0364969358170366,0.0558327318513245,152
22,22,0.149761237940848,-0.7319029338899007,-0.26616475043640586,152
23,23,0.26012389698484084,-0.2802921328089441,-0.748118071827993,152
24,24,0.3272136744242114,-0.25119649039634895,-0.7495650217491271,152
25,25,0.26070843544261696,-0.42238403221033227,-0.5461501288490582,152
26,26,0.10255949129215662,-0.7895196828305784,-0.17393942776250726,152
27,27,0.021557793200654006,-1.5042776718130542,0.5899579832376255,152
28,28,0.13867653851193654,-0.8231714919167309,-0.12715051364118504,152
29,29,0.21695571413252213,-0.6278335187887865,-0.3156485956840558,152
30,30,0.14109561205668608,-0.7629205675218682,-0.18550985332054049,152
31,31,0.2598561757684985,-0.3390789659777775,-0.6178223533614171,152
32,32,0.2465907846998003,-0.455659437832877,-0.5177079500916657,152
33,33,0.1652993609084204,-0.5892211996920235,-0.40821124191739333,152
34,34,0.16031499047672154,-0.9786535338093583,0.05258759268199253,152
35,35,0.13530547529511183,-0.9183350200352506,-0.03239127240866648,152
36,36,-0.001133088256212845,-1.18794658948386,0.2319847626983671,152
37,37,0.17546673364200757,-0.46943523952482596,-0.5200425431197909,152
38,38,0.2520833877189524,-0.4923931928543869,-0.46113464566474605,152
39,39,0.10552595594075764,-0.878589582104694,-0.078494299752645,152
40,40,0.14824529465043243,-0.8019489500524103,-0.21172180730699244,152
41,41,0.2118948012231507,-0.454712328444937,-0.5277873814319965,152
42,42,0.3310969925534364,-0.42074271637880767,-0.5012647757740528,152
43,43,0.15041699521092555,-0.8188059651736713,-0.13802042302514084,152
44,44,0.030198575313082877,-1.3734942844553129,0.44779699888647023,152
45,45,0.11738412479629087,-1.1247895206045324,0.1967672553751029,152
46,46,0.06610208439963396,-1.301121975593866,0.38491985172560117,152
47,47,0.1763464397687071,-0.5558378017496447,-0.43519895534709807,152
48,48,0.209385107063413,-0.8213085825421049,-0.10962779688900126,152
49,49,0.21478992875577496,-0.8660298974136671,-0.06711191546482113,152
50,50,0.05144011844851348,-1.2956952359497396,0.3093813185063849,152
51,51,0.16967754330983312,-0.5552911848098335,-0.4702492504497704,152
52,52,0.2852093631257483,-0.12659260775246148,-0.8918080622973574,152
53,53,0.12033497335980234,-0.7782261557677456,-0.24805855268401308,152
54,54,0.12074832639997028,-1.056756860093999,0.07916055379393681,152
55,55,0.06422803588523773,-1.2733209852946306,0.2976096495396264,152
56,56,0.23136711290016335,-0.6665899950752813,-0.3619007715118057,152
57,57,0.19798666628861586,-0.9310536114484519,-0.07597634864533763,152
58,58,0.13832624133050078,-1.3695299198801951,0.437636436836815,152
59,59,0.15274142581573943,-0.9990026809197766,-0.00022060456608336706,152
60,60,0.19465227721101633,-0.8109108894440351,-0.2713981495069234,152
61,61,0.26196694993640823,-0.48029750888562384,-0.5493184190837196,152
62,62,0.13011218057350574,-1.0897919514117966,0.10237446269003245,152
63,63,0.1930526932224326,-0.6273101746124742,-0.4283545385631158,152
64,64,0.15984851908651485,-0.9181001367396115,-0.0890749217365582,152
65,65,0.0946064084420335,-1.085840395228101,0.10083489709110181,152
66,66,0.04033649043161516,-1.1388836798881783,0.102147082615192,152
67,67,0.16453890488603953,-0.7864816035429676,-0.2511515996494988,152
68,68,0.17023155941947984,-0.7943928781205788,-0.265304604351019,152
69,69,0.21236588645667903,-0.8038296697883112,-0.23550956321032607,152
70,70,0.2642167309223478,-0.2492347136343401,-0.8572632061615569,152
71,71,0.19510478876758233,-0.7827081300432773,-0.24208735031847523,152
72,72,0.0784961689025515,-1.0188048638040355,-0.04570634273081612,152
73,73,0.19686171664380847,-0.7749579858669068,-0.26679287785774364,152
74,74,0.15690287588469984,-0.4365731347418323,-0.6755535879203444,152
75,75,0.1727237446353293,-0.6813140781648428,-0.38113316520176727,152
76,76,0.17316478073542835,-0.8737188250133875,-0.13928729310081223,152
77,77,0.22338303448721136,-0.509779956347671,-0.5256519801289081,152
78,78,0.11828808317634905,-1.1388253514782214,0.10843272780686293,152
79,79,0.2083655659929585,-0.7266167726202558,-0.3361741299212621,152
80,80,0.1834321200743223,-0.7569119878615194,-0.2803307788691642,152
81,81,0.07557454134674532,-1.028403819229751,-0.017409432098915073,152
82,82,0.12325742904133316,-0.8913301539314429,-0.19215721926681287,152
83,83,0.0857475926567284,-1.148191037737691,0.08375008100090038,152
84,84,0.037729314043744196,-1.2326048460492864,0.15993337812005684,152
85,85,0.178813307998124,-1.03986909541539,-0.027337618669966823,152
86,86,0.25891294056836717,-0.6232662808095717,-0.4852270765957839,152
87,87,0.23916415320306797,-0.5784238094381027,-0.5540163287116054,152
88,88,0.19358920038819152,-1.3190453730160001,0.2839094871095574,152
89,89,0.2200582280072803,-0.7256324309964659,-0.39610086673479733,152
90,90,0.16079009803519712,-1.0336719739311446,-0.06449298583859688,152
91,91,0.21316076884846163,-0.7230983786543131,-0.3927690216287277,152
92,92,0.18100961572300056,-0.8934743246987529,-0.2066484395641579,152
93,93,0.20617955068780036,-0.9787674424235553,-0.10335892198139077,152
94,94,-0.03278316616655324,-1.43796096950007,0.3114973180180737,152
95,95,0.1774045478371855,-0.8481279414899187,-0.2966545987183046,152
96,96,0.15039061349141833,-1.206258152323816,0.11431419131194943,152
97,97,0.1904003248307427,-0.7972594882073369,-0.35524791954175844,152
98,98,0.1219017872304332,-0.8787330277171247,-0.2989343761104982,152
99,99,0.2813532548417548,-0.3860990313209701,-0.7923118736946022,152
100,100,0.35593567722846264,-0.2740785560996079,-0.9001104568022982,152
101,101,0.18731804088439571,-0.6746976440592884,-0.509209207227669,152
102,102,0.3124822642159136,-0.49232437914360894,-0.6937141998922949,152
103,103,0.20037675543300995,-0.8184226970819811,-0.32469067791088274,152
104,104,0.220338252805814,-0.8145326923348422,-0.32169856486249454,152
105,105,0.2203885318676547,-0.8112509606077917,-0.3270661708073149,152
106,106,0.15468042304766635,-1.0256221065936533,-0.11122971583132679,152
107,107,0.17478293840097395,-0.7331927514633607,-0.4421407825044527,152
108,108,0.17182203402509458,-1.1535735340166762,0.03800770396785955,152
109,109,0.2602281225224447,-0.6274611964302887,-0.5291277553058902,152
110,110,0.16058708892903586,-1.0909450938215597,-0.04510493179924474,152
111,111,0.16817910896330537,-1.2434452867299317,0.1360250188973099,152
112,112,0.2533517214177619,-0.4596952949980245,-0.7274586206283095,152
113,113,0.08713754253335496,-1.4818769672253345,0.4082612326212838,152
114,114,0.10683640574783823,-1.084866193580854,-0.04473785882632629,152
115,115,0.24610976195757855,-0.6818194654786709,-0.4486433709452457,152
116,116,0.17752155017168045,-0.8632109839348356,-0.2546062335641282,152
117,117,0.1655989058133162,-0.9235491288709597,-0.18255890775137498,152
118,118,0.24611520392662461,-0.6075582955998474,-0.514345151322995,152
119,119,0.12843155856760255,-1.2037563093189163,0.11854886644448538,152
120,120,0.1606406804937743,-1.247376646675519,0.18018866993406588,152
121,121,0.007757196306620993,-1.4566056760894677,0.3555148534947711,152
122,122,0.21067414390533343,-0.5520791667295596,-0.6240186165071915,152
123,123,0.22036498943634578,-0.9023433823238227,-0.10601861767046405,152
124,124,0.1615901857886764,-0.7477611037676732,-0.3042717420218266,152
125,125,0.14868065217413534,-1.0930772410253533,0.07473016587827026,152
126,126,0.026121120853315173,-1.5627732187207535,0.5729725400008459,152
127,127,0.13010993280368227,-0.9793297546134355,-0.048456580113088,152
128,128,0.09063791166686644,-1.3458490458700705,0.3531788778102471,152
129,129,0.21415830543538075,-0.8323375807432047,-0.19852546702784526,152
130,130,0.22832138478936664,-0.7971054526503643,-0.22103912736077916,152
131,131,0.2004137844832597,-0.8767074601429348,-0.14342366582358956,152
132,132,0.11802308294452987,-0.8854854777309352,-0.1754452743860398,152
133,133,0.13529080563942228,-0.8735182334650445,-0.17677976081978466,152
134,134,0.25882255656072883,-0.3977338643434646,-0.6680153675360908,152
135,135,0.12386373537529466,-1.2171124269043472,0.21757418249033372,152
136,136,0.30090968043163524,-0.29925508188194583,-0.7583253319824652,152
137,137,0.19230087336832064,-0.592678921228664,-0.47100984527445794,152
138,138,0.23310227290020435,-0.5972524378311249,-0.4363322875757564,152
139,139,0.1817551654823416,-0.6388900906103089,-0.4206326701878547,152
140,140,0.2730620600887126,-0.37034077526778825,-0.6979956177314671,152
141,141,-0.021977840865963983,-1.3047338791886884,0.2871848663123811,152
142,142,0.23900397002722748,-0.640186040305806,-0.40351391211315846,152
143,143,0.14430317959477237,-0.8440244007661775,-0.21308403607234788,152
144,144,0.08526467705570792,-1.3162098421143107,0.3064928154842531,152
145,145,0.200899894283503,-0.6391077495495092,-0.435168982924522,152
146,146,0.1630493433151307,-1.0751345682298536,0.06228991564006019,152
147,147,0.2477777254702654,-0.44802433896312055,-0.6342731768910417,152
148,148,0.05763698324445998,-1.3779198348366057,0.33335426116349226,152
149,149,0.260780245773293,-0.3878796488735829,-0.7224179683199385,152
150,150,0.023322055904725365,-1.4055271923949297,0.32124433199908947,152
151,151,0.2048829424106851,-0.6513846973713893,-0.4379795665683198,152
152,152,0.18108213587572586,-1.0173180151848318,-0.017003109525004126,152
153,153,0.17262851017701927,-0.9692768416465568,-0.16611198688094023,152
154,154,0.13093462772154454,-0.996545120848425,-0.06038444465106878,152
155,155,0.11516037061883327,-0.7106715391668031,-0.41304710497240393,152
156,156,0.23215832787802368,-0.464756032764388,-0.6461040101711143,152
157,157,0.2395356267423145,-0.6922435706518629,-0.3901344367639257,152
158,158,0.1499601064183873,-1.318910717476114,0.3103984183939223,152
159,159,0.14717440978506316,-1.18442256568574,0.14412462008030444,152
160,160,0.20004775291305946,-0.7427478114643067,-0.3477528960195063,152
161,161,0.11537095116018958,-1.1561736479397506,0.1195810417469494,152
162,162,0.09094621104370586,-1.2299834999152677,0.16897523733778713,152
163,163,-0.02759874422056611,-1.415960589930526,0.35398233498329135,152
164,164,0.17229572193947135,-0.8178049014833025,-0.2425811816618717,152
165,165,0.21543728646493324,-0.6936445826430125,-0.36726191019282617,152
166,166,0.2850055258938626,-0.4590609866202085,-0.5903948213915,152
167,167,0.07870923382108133,-1.155071278663305,0.1152576089939874,152
168,168,0.2028727263664568,-0.4972819382012937,-0.586173392999299,152
169,169,0.03170943154547693,-1.282187384969193,0.3111909035194162,152
170,170,0.16908543341686194,-0.5743879104154669,-0.5031942504773884,152
171,171,0.2350746317684585,-0.6616020684098292,-0.3660073502192842,152
172,172,0.23872702112424124,-0.6904347411521307,-0.3422806542065854,152
173,173,0.19855759982377627,-0.9625683890851439,-0.04149075717694486,152
174,174,0.30925730603761414,-0.21274712250156827,-0.8745036603002395,152
175,175,0.12302082169149461,-1.19833153697674,0.18790799600562633,152
176,176,0.12337277512437946,-0.8457702242816345,-0.20502582537767286,152
177,177,0.16869207369775535,-0.8863307059923341,-0.13345694328065427,152
178,178,0.2046114354767456,-0.8329851998023027,-0.18178551220454559,152
179,179,0.12641956796825043,-1.1610668615735344,0.17103405731712093,152
180,180,0.08626599936022467,-0.9674340134019466,-0.083067948711934,152
181,181,0.06393180348323986,-1.2543064468672893,0.2360180160149005,152
182,182,0.15048170732110638,-1.0101982866398647,-0.011971756695959294,152
183,183,0.02815901995747459,-1.5315581642451825,0.5411148877261779,152
184,184,0.2913429354556134,-0.49693033529950836,-0.5326799333993496,152
185,185,0.16060850189419626,-0.8729734687190909,-0.17542618480737526,152
186,186,0.15404560552804952,-0.8087688534086288,-0.24727168738775218,152
187,187,0.07263031778902912,-0.9524705080953575,-0.13111820228333324,152
188,188,0.17231417731275875,-0.756875216058041,-0.2989560525946827,152
189,189,0.15434597855866955,-0.7546230320421528,-0.2959163940069105,152
190,190,0.11839680425359986,-1.2360423504190743,0.2234109549724723,152
191,191,0.24683886750610604,-0.7473865838910394,-0.2492412145248277,152
192,192,0.25649481345301717,-0.5517787136784863,-0.48942526744012443,152
193,193,0.15152550064491913,-1.2721290723863226,0.28704410297063987,152
194,194,0.10915539438360584,-1.0908906581580156,0.07174496611187513,152
195,195,0.06602317584846257,-1.1981150709759565,0.16591903147505102,152
196,196,0.126289788836864,-1.028240888956513,-0.003100990057100824,152
197,197,0.15113214092581256,-1.0625238330996494,0.049097857135566574,152
198,198,0.22381129379041892,-0.6446992402676154,-0.40813822873918343,152
199,199,0.16176255424303376,-1.0799770558199941,0.07155068058696228,152
200,200,0.3184353051378517,-0.4321210048554639,-0.6122898990924284,152
201,201,0.18419648011797574,-0.7379604449540813,-0.31459291522281563,152
202,202,0.16565545496992742,-0.9751294524571918,-0.047895578429811174,152
203,203,0.1633019216610836,-0.8382434525916184,-0.211932327894134,152
204,204,0.05292601260549956,-1.4490126858529488,0.45196914226833373,152
205,205,0.14529551081999523,-0.8029691007574474,-0.24975395703961165,152
206,206,0.18296316430694232,-0.6725654236048904,-0.3811166625286226,152
207,207,0.18535431818441067,-0.8288759036739192,-0.19720168503073457,152
208,208,0.19348769583511077,-0.5765225586041869,-0.4950368007347492,152
209,209,0.05401085730450931,-1.2581858616698867,0.2383077842146195,152
210,210,0.1533137789949989,-1.1141106916862435,0.12056870443374237,152
211,211,0.3740638225510427,-0.3513548882911938,-0.677457416577577,152
212,212,0.1509072456397908,-0.8485865844536791,-0.20497497930365968,152
213,213,0.1524993764968546,-0.8134344146278785,-0.24547057672038972,152
214,214,0.17103827217875417,-0.784445069306841,-0.2692606073165081,152
215,215,0.17391908496671385,-0.6318542654006548,-0.44617689033742186,152
216,216,0.22129059738891418,-0.7524657808097466,-0.2808318357072889,152
217,217,0.20140871838933055,-0.5703165581002344,-0.5027972942855324,152
218,218,0.17829430977625316,-0.6383206613393699,-0.43580638752427625,152
219,219,0.17875474767903896,-0.8873773315587259,-0.14679154919966153,152
220,220,0.15026710445480282,-0.8629006420521498,-0.19146160929285932,152
221,221,0.08853317098637764,-1.0982548658278162,0.05091020746139505,152
222,222,0.3008567986889463,-0.303384992823321,-0.7731871710973639,152
223,223,0.12605128862822695,-0.7093909302407708,-0.3921929891323436,152
224,224,0.30879355563193056,-0.3351642862412808,-0.7457250058147528,152
225,225,0.1085276750844844,-1.3549096015041484,0.3452776655195422,152
226,226,0.0599952487003008,-1.494499720686869,0.481880460351967,152
227,227,0.1853997467955799,-0.9518829022101208,-0.08055722309935497,152
228,228,0.03550603308098627,-1.2467708432472404,0.1783675776516527,152
229,229,0.13550706475717428,-0.8874504670551717,-0.2057508725523706,152
230,230,0.29386398676814296,-0.41447895254099054,-0.6716318614529948,152
231,231,0.09270621481548011,-1.1632155006277212,0.1034299201421761,152
232,232,0.2300158483252354,-0.7059479216112705,-0.36555776388064287,152
233,233,0.0596883689675602,-1.2087938580367572,0.13045291361095482,152
234,234,0.060619063978150124,-1.1722225623917417,0.08756255531185082,152
235,235,0.1259804247269501,-0.8532628193324472,-0.24546540290934965,152
236,236,0.2036761266228336,-0.668099962108496,-0.4428664095028014,152
237,237,0.2331253421168136,-0.47826829970995116,-0.6305527830360559,152
238,238,0.19033998995653365,-0.832177549101032,-0.23659918565606075,152
239,239,0.2675803410076531,-0.654020191336456,-0.42324446352298944,152
240,240,0.3332789855336477,-0.21788546405125428,-0.907852563253071,152
241,241,0.1872387774221998,-1.2826524635217806,0.24786925462730727,152
242,242,0.05686682632073551,-0.9105251190621347,-0.24213088169412128,152
243,243,0.24734000187306407,-0.5935230611953669,-0.5292657979366535,152
244,244,0.1241703785006852,-1.1526444128843365,0.07020459768019707,152
245,245,0.25934332933772347,-0.3948904014477407,-0.7515406816363578,152
246,246,0.10952260899055527,-1.2034565469164,0.12027906021914549,152
247,247,0.21506983525063397,-0.7800418289668162,-0.32355310850939,152
248,248,0.14525812685872075,-0.8342118021040459,-0.23771119821508904,152
249,249,0.17150166767341318,-0.8389893844263793,-0.22314495765766532,152
250,250,0.21670124292777077,-0.8286145664456696,-0.21058490693278936,152
251,251,0.2304313308315519,-0.9745301761809964,-0.04355956796380385,152
252,252,0.3099322285030286,-0.4570333680290915,-0.6020021326541022,152
253,253,0.1504750823153109,-0.7608852262241584,-0.3294735540045536,152
254,254,0.09973842186003139,-1.0059573487107532,-0.06903773281897338,152
255,255,0.11638410383219824,-1.1945936632708556,0.14724844230111414,152
256,256,0.15872179488658367,-0.8561694661067717,-0.20618235055237186,152
257,257,0.11801799588650834,-1.0449011398735184,-0.007855276384594085,152
258,258,0.18407320768871008,-1.003573517661951,-0.02670382681757664,152
259,259,0.24453372040030397,-0.6717874603272019,-0.38230931517696276,152
260,260,0.1665724267542267,-0.9218692413639595,-0.12428805808153007,152
261,261,0.1524435371622927,-1.0587430607004353,0.026471443403417706,152
262,262,0.0030443328088620874,-1.9682354482938296,1.0094373802158128,152
263,263,0.21060600098857993,-0.7608363785353032,-0.28386087906206536,152
264,264,0.12403338284512846,-1.0033769418163925,-0.02167987789053721,152
265,265,0.09439428995290323,-1.305620148717373,0.308512207455317,152
266,266,0.05303721805992368,-1.4081807897236895,0.401685943215016,152
267,267,0.04707506775501724,-1.4623566438380264,0.4706913803490312,152
268,268,0.11470229878954606,-1.1091836676662792,0.08864744996473901,152
269,269,0.15365709625961463,-0.7943797767267385,-0.24735045420065302,152
270,270,0.2497961044680629,-0.3482632942047814,-0.7336509142121652,152
271,271,0.07706717881320158,-1.1796867466723657,0.16071069862698548,152
272,272,0.11270651579365747,-0.6277986933585143,-0.32073293547444054,152
273,273,0.14417186251561198,-0.48764847912474724,-0.47464270805904857,152
274,274,0.18222802527099394,-0.6735396147877655,-0.23629660691386406,152
275,275,0.19541178680399784,-0.37526949451602903,-0.5792594865808324,152
276,276,0.09320865052286205,-0.8197796540666868,-0.10834040997644741,152
277,277,0.2875986241444184,-0.2534707751660637,-0.6784635667184739,152
278,278,0.08189160267640958,-1.2728215208153981,0.4092103593361932,152
279,279,-0.019621468268921877,-1.35329930207146,0.4548180388749184,152
280,280,0.24750964934289832,-0.24263763861712806,-0.6894119530035049,152
281,281,0.2720884208441267,-0.0844514931039115,-0.8688648306921972,152
282,282,0.26555415396731047,-0.4346374770525274,-0.4628773279488128,152
283,283,0.09744912744666874,-0.7870208117073483,-0.13019565825273235,152
284,284,0.2715008064908027,-0.19461320284199027,-0.7419215856731219,152
285,285,0.18527469981119002,-0.4634204440274634,-0.4777452998138667,152
286,286,0.14274180769318778,-0.9160616038084183,0.030936442330868383,152
287,287,0.0989932270117151,-0.9550985932849937,0.050354914810989866,152
288,288,0.19913492175738234,-0.34324261405472856,-0.620856035305402,152
289,289,0.0516950628679643,-1.1393787702598828,0.24246913395621023,152
290,290,0.10707242157930218,-1.1148332356494124,0.2369982747996879,152
291,291,0.17495471533695697,-0.7182490630613924,-0.18825910946278754,152
292,292,0.1883589949200104,-0.6460518650022812,-0.26043408568240484,152
293,293,0.07592211754365792,-1.3261802539717347,0.474457914786093,152
294,294,0.2354471700407795,-0.7505016600283925,-0.12141712817620626,152
295,295,0.1779938184419582,-0.4945470117727518,-0.43622140745295257,152
296,296,0.0421074964451567,-1.1941844226076705,0.3243647644816315,152
297,297,0.1403352743379799,-0.2768759757581932,-0.7232066845917008,152
298,298,0.2529115134433873,-0.23925806501115834,-0.714852607728635,152
299,299,0.17232163044427867,-0.5550140463797476,-0.36262461443738214,152
300,300,0.16204151430849342,-0.4306026244670993,-0.5071578803539795,152
301,301,0.07749520150905952,-0.8471472100744953,-0.07522070462259348,152
302,302,0.18082328743500248,-0.4344932780053072,-0.4935415247423931,152
303,303,0.13567966981888172,-0.9373226545619819,0.06185585073453863,152
304,304,0.108561628239186,-0.6929727699556727,-0.21162912472646697,152
305,305,0.0747221633689515,-0.9143466763515185,0.03866442115537523,152
306,306,-0.00565382658590285,-1.4404265429913512,0.6105047925426424,152
307,307,0.24798617654547314,-0.292751181633707,-0.5960667455494699,152
308,308,0.10715653549216977,-0.5688484485553275,-0.33826332373954565,152
309,309,0.15569807125932195,-0.7964555523581536,-0.037035392242464896,152
310,310,0.10427702404463465,-0.9466470745701661,0.11716612084224749,152
311,311,0.1099666026825273,-0.7555691996366058,-0.11644161682493712,152
312,312,0.12227160451823108,-0.7821768120154425,-0.06446194297235736,152
313,313,0.27864078818320565,-0.09648761386681264,-0.8076758846931084,152
314,314,0.26698539182648384,-0.004118099253767032,-0.9115704649814029,152
315,315,0.1562447525411239,-0.3522215475866063,-0.5653382775342646,152
316,316,0.14340631943520957,-0.48345825154272065,-0.332897546469317,152
317,317,0.1197239348788445,-0.7490174562792311,-0.10037720115690178,152
318,318,0.08884312661466613,-0.8075896023905338,-0.053305333093879116,152
319,319,0.024297706311784177,-0.6573914353022525,-0.2467807105607915,152
320,320,0.18134536155242123,-0.5913079210566311,-0.25672691626684435,152
321,321,0.1807915820501241,-0.4625491804083371,-0.40470901786156066,152
322,322,0.06432539980969607,-0.8658555191173769,0.01367312975978972,152
323,323,0.15497464428719057,-0.7356554158592046,-0.09286964452342374,152
324,324,0.1104096499451002,-0.9325648969925483,0.11410242187386736,152
325,325,0.10997725001327004,-1.0105209921781595,0.21351836065322966,152
326,326,0.21181222525805685,-0.42444015575098687,-0.4213797060594721,152
327,327,0.08933893731625281,-0.7589933096101352,-0.08797370281780285,152
328,328,0.12297385513255166,-0.4871881723258266,-0.38096479333387323,152
329,329,0.14779455764899,-0.4933763833972482,-0.37813315763136124,152
330,330,0.10192680323868834,-0.31629283763771987,-0.5922410244981845,152
331,331,0.12441349255264408,-0.5082177511690483,-0.3669916677696289,152
332,332,0.04973902990684924,-0.7513872179797759,-0.10593467704652329,152
333,333,0.10328883344803373,-0.7771738166541997,-0.047982551977465,152
334,334,0.23822174612866123,-0.3676969725912924,-0.4821506215070812,152
335,335,0.11827483316475831,-0.6703277222799566,-0.19204428746032065,152
336,336,0.1338001793354392,-0.6549035517697033,-0.18089838201847655,152
337,337,0.22213268294698935,-0.33571785152415107,-0.5354733453427133,152
338,338,0.206981412996403,-0.3939481893859326,-0.44995243434198395,152
339,339,0.0597306033795066,-0.7961987357386412,-0.060738047874555716,152
340,340,0.11698946373676018,-0.6966929798014913,-0.14375131078823827,152
341,341,0.10201718724632668,-0.6971399549903858,-0.16377083738537648,152
342,342,0.069403466751931,-0.8572021322008129,0.021766129873526444,152
343,343,0.2925661954542785,-0.11559480384452306,-0.7458040179376598,152
344,344,0.1445084364707573,-1.0138463655689567,0.23885388889024692,152
345,345,0.21013491575505136,-0.43292106888697873,-0.41120986683140065,152
346,346,0.15654749164524212,-0.7040919187222154,-0.11892049673852906,152
347,347,0.1496580771363184,-0.46449442346246433,-0.39758691015055647,152
348,348,0.21641944357411305,-0.2567127213504776,-0.6043759752832198,152
349,349,0.10107099445432209,-0.5627688576660644,-0.298445629374503,152
350,350,0.009963914754890215,-0.6733216837748911,-0.19153145574189825,152
351,351,0.2131972063803368,-0.3711488340795699,-0.4720780588469241,152
352,352,0.10719297302404492,-0.7564790140024636,-0.06662325793246457,152
353,353,0.20032943396304226,-0.42052497372463077,-0.41037019298107713,152
354,354,0.19668911158210126,-0.4229093855460832,-0.40963921376441126,152
355,355,0.15050288367891693,-0.6153253292727502,-0.20741835616908116,152
356,356,0.22367583608263658,-0.2815003910664364,-0.5521207959927644,152
357,357,0.23736368957447151,-0.45116109727941694,-0.3713287486792997,152
358,358,0.1113304074469967,-0.9350705385645122,0.14518837347083968,152
359,359,0.08656033890342382,-0.8406890705253489,0.02659552566473733,152
360,360,0.024916197924262362,-1.2349060242552388,0.5682456391904087,152
361,361,0.23036129505599945,-0.3707346542327644,-0.4659391982426014,152
362,362,0.1011807802646474,-0.9619357811677903,0.18514848144493817,152
363,363,0.02831376116426922,-1.2784484020398683,0.4960372562081283,152
364,364,0.24823331292237952,-0.5599785956379798,-0.23834766617663797,152
365,365,0.16165087557390997,-0.2976778080075323,-0.5884624475699092,152
366,366,0.12084474389502949,-0.5855478283756212,-0.27689055134217205,152
367,367,0.22303900740054614,-0.35130436630280626,-0.4942896756594932,152
368,368,0.18574460200796936,-0.17765748776329954,-0.7139366424663823,152
369,369,-0.003551806889937186,-1.009808551566231,0.1785532104236195,152
370,370,0.08797205665623574,-0.8092891210595503,-0.02773011467989178,152
371,371,0.1370635862080874,-0.8023147426427321,-0.013265833881409596,152
372,372,0.2584674089286212,0.022437379623382214,-0.9283738937688073,152
373,373,0.07029796083799562,-0.9071688705415243,0.06749039856792723,152
374,374,0.11938002609585417,-0.9896575483221244,0.18584703513896583,152
375,375,0.09762031286427693,-0.6043043781737775,-0.2713882925048559,152
376,376,0.19072861752864348,-0.8223296122543966,0.015197887554709553,152
377,377,0.07242446939466958,-0.8162389709882203,-0.05061254285487806,152
378,378,0.17434462328539826,-0.9823794153448425,0.1878090691703975,152
379,379,0.04780121571167152,-1.3585458452284216,0.5615883716402494,152
380,380,0.0868437945085304,-0.8107219447418138,-0.05105757980794979,152
381,381,0.23279373691601488,-0.26654320362448874,-0.6239734794660502,152
382,382,0.18487353204953874,-0.9866550871409704,0.23035367416621305,152
383,383,0.21027829980905374,-0.5625066205018162,-0.4363552575127009,152
384,384,0.2758232678613282,-0.6810478645392054,-0.2653770823073972,152
385,385,0.1849530321190845,-0.8799217071344609,-0.08044571855108083,152
386,386,0.0890829281637275,-0.9558021862703312,-0.03371808732949007,152
387,387,0.1592008064663318,-0.656436372991534,-0.3493589183292083,152
388,388,0.23669894122510013,-0.6015048237832885,-0.3768135236034465,152
389,389,0.18388711600806185,-0.806870176810244,-0.1635030480622413,152
390,390,0.0525972466928989,-1.0657034796449032,0.07991931994403283,152
391,391,0.09203070083169106,-1.0090594895761726,0.034543213051163035,152
392,392,0.21810408790496352,-0.5563846279768974,-0.4372207558164047,152
393,393,0.12021418530770975,-0.7635294265467931,-0.2440433185024808,152
394,394,0.14464744328878745,-0.5933617424354287,-0.43369123544715454,152
395,395,0.22368447225090568,-0.5929280151415836,-0.3945083587763462,152
396,396,0.050167999032106524,-1.2936932341414669,0.34096154746494667,152
397,397,0.19328823583919688,-0.7698954063710579,-0.18546337822481965,152
398,398,0.14123473717839116,-0.9843473019920979,0.034416543884323615,152
399,399,0.10443424962860236,-0.9351017485542317,-0.03596013158254776,152
400,400,0.30135604019710566,-0.35008246250412567,-0.6257768648261974,152
401,401,0.1087205100746028,-0.975679056975231,0.01327465710607727,152
402,402,0.12018898662495195,-0.8671166329182298,-0.10354883652801128,152
403,403,0.28069501319450413,-0.7532040213310308,-0.15420133864521296,152
404,404,0.22726008252166582,-0.6147204048517262,-0.341205616555765,152
405,405,0.07869503738009079,-0.8937665841464898,-0.09015714028028765,152
406,406,0.13363857651549949,-1.1191633928148519,0.1987440972105452,152
407,407,0.21847035608251358,-0.7198111008100619,-0.22162127030640877,152
408,408,0.19392258014411404,-0.9187953739238456,-0.002671206926232832,152
409,409,0.14539405778120298,-0.6801871699358767,-0.30931964212583524,152
410,410,0.19149889275604287,-0.7450541172125769,-0.21037046138554868,152
411,411,0.05013818650602687,-1.504659663251351,0.601287380564109,152
412,412,0.24113556564192273,-0.24764128276943967,-0.7503076420406328,152
413,413,0.27841553798615937,-0.8023334947974939,-0.12329004777265724,152
414,414,0.16346080349649997,-0.41907959279587487,-0.5722648954712345,152
415,415,0.151288301776706,-0.5466399954114055,-0.437493897357857,152
416,416,0.19326138090499043,-0.6331833243694033,-0.3195774807434047,152
417,417,0.13210027383052414,-1.094209936052078,0.18282561869529124,152
418,418,0.19891322067058384,-0.6342625359904426,-0.3131453185753016,152
419,419,0.15590439286838093,-0.7976248622227755,-0.14770508366276186,152
420,420,0.11379621094333912,-0.47815101502771284,-0.5421412727276873,152
421,421,0.024420623830025523,-1.0258085476948553,0.053642068894111196,152
422,422,0.08188154686404166,-1.0966884225785023,0.16631259792863942,152
423,423,0.20815605018467667,-0.4545395825906907,-0.5255653633958088,152
424,424,0.14174462601729323,-0.9208956204893626,-0.013528538597143293,152
425,425,0.17095782567980927,-1.2333182022937716,0.3907244216941982,152
426,426,0.14225912869951715,-0.7349714854289997,-0.2248307280202927,152
427,427,0.16964713926537864,-0.5633918226645491,-0.40803506473112017,152
428,428,0.22430840583242995,-0.6419117826912473,-0.2870466532098962,152
429,429,-0.053890552934625385,-1.805334475297625,0.962070426516237,152
430,430,0.006116797550190337,-1.0883661283944528,0.15349367824449053,152
431,431,0.20984708291397278,-0.5443713195451241,-0.3896658946520778,152
432,432,0.17527886740623577,-0.8155200686265343,-0.08441331798959041,152
433,433,0.1775965547015795,-0.639014281778118,-0.287452529765614,152
434,434,0.08241876385184986,-1.206170963175671,0.30918614094508606,152
435,435,0.11488436814524661,-0.6958750007649808,-0.2516247357487358,152
436,436,0.1259289626283602,-0.6714135683128928,-0.27740828926071853,152
437,437,0.13210654392529486,-0.8223173270815782,-0.097989665769256,152
438,438,0.12922868872920862,-0.6282422153046234,-0.32665877778974045,152
439,439,0.06938583950436825,-0.999149391743307,0.07910078735606188,152
440,440,0.07059786065391621,-0.9103731345220891,-0.026547809653631634,152
441,441,0.21599426016645318,-0.727324143243913,-0.1677585076425754,152
442,442,0.05706959881954692,-0.8993689264184397,-0.0485655869594808,152
443,443,0.21572949654198384,-0.4720814699356436,-0.43664815766010734,152
444,444,0.2535676256244896,-0.16333561327888738,-0.8049579613289264,152
445,445,0.17498168857483878,-0.9492064977824194,0.07782740541477126,152
446,446,0.1694935810953334,-0.9560288498017039,0.08351815154049001,152
447,447,0.12616911908844633,-0.8383945581244094,-0.0743171609670185,152
448,448,-0.07617937935227909,-1.807120952898601,0.9397238445984373,152
449,449,0.16782112204299943,-0.8188101299937579,-0.09348452520442646,152
450,450,0.18586160434246451,-0.6543961762251805,-0.26984234884576397,152
451,451,0.08538108787182849,-1.0031757498747016,0.0869040540515631,152
452,452,0.13325669225286027,-0.885729172027863,-0.022055603616401735,152
453,453,0.20218715657029962,-0.6138673492400136,-0.30495076011899674,152
454,454,0.002997721160943673,-1.2955262991269294,0.39984861587037407,152
455,455,0.1827212332917324,-0.561885204230399,-0.36845393841569607,152
456,456,0.15452390728574814,-0.8086884033161013,-0.09402634810540014,152
457,457,0.12205451727475398,-0.7191432017978789,-0.21600045983336755,152
458,458,0.136037183524488,-0.8894056198696558,-0.009445420446621871,152
459,459,0.12337644253830173,-0.84325742507917,-0.07056659398126953,152
460,460,0.15950319065942548,-0.3877953897496193,-0.5822913844520448,152
461,461,0.01226941677171703,-1.2343012881929123,0.3339820763720949,152
462,462,0.1792880606455753,-0.7270524672160514,-0.18881101237492504,152
463,463,0.23411566217956284,-0.22049678531682324,-0.7523271009144257,152
464,464,0.13259572962108607,-0.8076507352522073,-0.11922860610632015,152
465,465,0.12441869791434076,-0.6872850907294354,-0.26235637949283164,152
466,466,0.19891144611546005,-0.6177243075001337,-0.30944095907435765,152
467,467,0.25159124443128844,-0.31681605624156706,-0.6336552855872354,152
468,468,0.2313194365191709,-0.46301543097059733,-0.47357783962303057,152
469,469,0.20601865768991015,-0.6171371306541522,-0.31250907362284935,152
470,470,0.19392127880368992,-0.46119048633786663,-0.49929431199877156,152
471,471,0.1741177168369031,-0.3936513779363422,-0.5933351071258501,152
472,472,0.1710586204108405,-0.6409604038394998,-0.30519321560876395,152
473,473,0.14989042555385984,-0.9045234249586125,-0.011570875544004124,152
474,474,0.28150906078162324,-0.4529311667449762,-0.472316143358399,152
475,475,0.189857310962863,-0.7539368622363234,-0.17298494882928067,152
476,476,0.08284027984558724,-0.9826903628530624,0.03874425841193935,152
477,477,0.10209858017467113,-1.1024456375571907,0.19194035728577336,152
478,478,0.16456114597692412,-0.9280237152998052,0.023673660481761727,152
479,479,0.2682397656916529,-0.44000641150530095,-0.49583758179863474,152
480,480,0.13238988122672654,-1.0507840999792695,0.14864117871087723,152
481,481,0.15409541137519053,-0.7477490488110405,-0.19338519655604608,152
482,482,0.1574734545088355,-0.6228472873516108,-0.32966641227124854,152
483,483,0.24060946919955672,-0.36763690709557084,-0.5969434389098205,152
484,484,0.257357128939504,-0.5554033628784982,-0.359984543548805,152
485,485,0.089551174109058,-0.9427815930789892,0.015558627069286035,152
486,486,0.16838022521066814,-0.5929617522771596,-0.39501940642199623,152
487,487,0.24367069509176764,-0.16192953653165254,-0.8328064341190333,152
488,488,0.1809193500190367,-0.9122534880049673,0.03891240727073674,152
489,489,0.01903106331172837,-1.0635564259430859,0.12314829525533537,152
490,490,0.10865165733579957,-1.0172193937101925,0.10939916002766417,152
491,491,0.04171177065255172,-1.0839518429097006,0.15697627749982676,152
492,492,0.2406123084877548,-0.5251401895445343,-0.4188834314363494,152
493,493,0.18384724766961405,-0.43519748838859706,-0.5327586556104312,152
494,494,0.07627158659936924,-1.0907953800502548,0.1765661993733744,152
495,495,0.047125938335232306,-1.3567697901420344,0.47427593936330964,152
496,496,0.17282797017293317,-0.4007214425714321,-0.572444863812149,152
497,497,0.11226062924288695,-0.9109439660188865,-0.007713174988273528,152
498,498,0.15948899421843515,-0.6476318596134347,-0.2971173425936422,152
499,499,0.05484903884131215,-1.3313376406786008,0.45326286263922955,152
500,500,0.1343777378763951,-0.7463511133452816,-0.18824608573154913,152
501,501,0.1770865475590025,-0.3447544228174288,-0.6366109589492476,152
502,502,0.09154045040282559,-0.6986549867796858,-0.26596368543495785,152
503,503,0.17318690352263824,-0.6994511371360439,-0.22383343134052883,152
504,504,0.14786175413634436,-0.7421184631988551,-0.19183706740780798,152
505,505,0.17807509306662753,-0.46359097143482925,-0.49912799181456596,152
506,506,0.08210348455819,-0.9864791444210547,0.06528109205024282,152
507,507,0.28558462238259247,-0.19587478753958648,-0.7579102674519695,152
508,508,0.04990938719873299,-0.9216480559313692,-0.0313775622593965,152
509,509,0.06750753205767471,-0.8966854114499119,-0.053381156186705525,152
510,510,0.19421987727918616,-0.7496101373849251,-0.15790007831692396,152
511,511,0.18528215294270992,-0.6440607461409685,-0.28860985777306086,152
512,512,0.2275274488269836,-1.0620598166808275,0.24487977308625825,152
513,513,0.1270872739094948,-1.0814603230078546,0.28830874295534575,152
514,514,0.14823677678583846,-0.6002718696076947,-0.35592443993704725,152
515,515,0.13194423128330562,-0.7704702143292445,-0.16291938865475503,152
516,516,0.21407856875848538,-0.6174471690700479,-0.35781524486304145,152
517,517,0.06221711001895968,-1.2130663146545644,0.31867794331601196,152
518,518,0.08366911539207167,-0.8337232205717733,-0.11573298311974549,152
519,519,0.2607095001756913,-0.20853207342897517,-0.7476045264804616,152
520,520,0.14703859716625584,-0.5673486947492599,-0.3748975632513617,152
521,521,0.16818951968669826,-0.7121516408821102,-0.20645290518830423,152
522,522,0.12130163268756772,-1.0298348090308083,0.16267085938200615,152
523,523,0.25606868361595797,-0.4877333242535471,-0.41604657732097816,152
524,524,0.12514271640484695,-0.6320080079552092,-0.30978586494307914,152
525,525,0.06394126777723341,-0.9642886088982215,0.053425482459543684,152
526,526,0.08112546807763237,-0.9298607462822848,0.017226913518744336,152
527,527,0.16387143555214476,-0.698521461391984,-0.21119657628280195,152
528,528,0.13326509181377932,-0.7923471143082804,-0.11931932620679599,152
529,529,0.1315475590613013,-0.7608804963279796,-0.15405843441614483,152
530,530,0.09362342320712946,-0.8458217299209971,-0.07409780921965363,152
531,531,0.22936505980950447,-0.5136947616566325,-0.3922588660194638,152
532,532,0.13796210261909927,-0.6047139536968691,-0.33536161857889824,152
533,533,0.15764014438679697,-0.6108234308327839,-0.3116907194421558,152
534,534,0.3028916218975576,-0.36562670121958984,-0.5277048234644542,152
535,535,0.21531070153276963,-0.21690733826447817,-0.7471618311229036,152
536,536,0.07719754946296262,-0.9007638690737846,-0.016803293374496875,152
537,537,0.17859728548772164,-0.45151123516911157,-0.5005239841571387,152
538,538,0.17671471910873102,-0.7741424136359739,-0.11371421557415176,152
539,539,0.15294242375942751,-1.0251365074074228,0.1686476815767772,152
540,540,0.058469841115891895,-0.8127053618252779,-0.13081437469019588,152
541,541,0.1644873244837745,-0.3375806353263124,-0.6365254349607212,152
542,542,0.1846847193843676,-0.740410970678316,-0.14634071401007956,152
543,543,0.18687310076302432,-0.7323255898780885,-0.1511397805641597,152
544,544,0.09094479139960704,-0.8948327780886656,-0.009605005756111814,152
545,545,0.00593709426798796,-1.3095178343136167,0.43128433493437274,152
546,546,0.11755282583672598,-0.8313132442893368,-0.07054161696245646,152
547,547,0.11650264411446715,-1.1073368106384194,0.25190732494032614,152
548,548,0.14160538259191324,-0.9466294734963326,0.07858010571744081,152
549,549,0.23075276191630756,-0.48609138055969797,-0.41671172425234304,152
550,550,0.23858600314373724,-0.47433269122930066,-0.44683026238848894,152
551,551,0.194670022762254,-0.6292259081373446,-0.2661668467219132,152
552,552,0.08738716328743484,-0.5405922580707447,-0.4044222281633997,152
553,553,0.3338589101481022,0.11807161089448115,-1.0401113415929226,152
554,554,0.0629864388169595,-0.7854462585696746,-0.13470293970488875,152
555,555,0.16234046769501442,-0.4657830062400193,-0.4648842760122893,152
556,556,0.21930238582822106,-0.6280599678005314,-0.25208127997118934,152
557,557,0.26371689789581415,-0.2639133813490876,-0.6539907714723632,152
558,558,0.06745050968636361,-1.2296685223157517,0.39579279403326983,152
559,559,0.2765149894485812,-0.19686036395928155,-0.7081033489261499,152
560,560,0.10849727104002992,-0.6834791776763067,-0.20336958141942799,152
561,561,0.13821539078710143,-0.8454510818620318,-0.022819008355705772,152
562,562,0.11919263307478183,-0.9910557048477434,0.156986803529184,152
563,563,0.08263336671815343,-1.0125096610683595,0.18878968476973956,152
564,564,0.2514620568182763,-0.24151276047634487,-0.6480382349682065,152
565,565,0.09101033163551232,-0.9239232877267569,0.08450162165626772,152
566,566,0.10740568303154978,-0.7020653465683061,-0.16478427992373043,152
567,567,0.18867841484229245,-0.7063587528590114,-0.12005463179993478,152
568,568,0.14918107671904365,-0.6919386807070291,-0.16297710340894186,152
569,569,0.08761466125430417,-0.9358528131634962,0.09678077012313134,152
570,570,0.0952644134819345,-0.650863508855725,-0.23004869486132926,152
571,571,0.14866349814127205,-0.4936121247713976,-0.3880614334060516,152
572,572,0.20074302361056004,-0.8501007267713525,0.05439048742212736,152
573,573,0.017457032916927205,-1.0773760262643628,0.23107774010088597,152
574,574,0.19219487327559295,-0.36540012663537985,-0.521122263961639,152
575,575,0.21010344697752284,-0.44685948692100336,-0.46637477960997925,152
576,576,0.14709124230159468,-0.5369214400611294,-0.4808657322964087,152
577,577,0.2891253330692514,-0.29513312386334933,-0.6986139104516472,152
578,578,0.18430378155112753,-0.6103782764446306,-0.38777192299691265,152
579,579,0.2777085552248418,-0.4915758416802011,-0.4815272218785902,152
580,580,0.28190005442723165,-0.18551773806266367,-0.8380894081117135,152
581,581,0.08635543693846363,-1.1447531043286479,0.19099881288014672,152
582,582,0.055982151439689175,-1.1236547850252527,0.14680991721366146,152
583,583,0.2085251576504246,-0.5084365821179213,-0.49210605978973115,152
584,584,0.12280077685614477,-1.0144192153815184,0.044157848832467914,152
585,585,0.2054924429438692,-0.24079590913158574,-0.7918008483498619,152
586,586,0.10192420055784013,-0.8613295107641453,-0.11177689095061763,152
587,587,0.07080761306954786,-1.044099783492052,0.08327944260354475,152
588,588,0.13805544421861057,-0.8748673526350645,-0.08131920058044109,152
589,589,0.04671566119061227,-1.2256799222549037,0.273317893078094,152
590,590,0.2564096348070753,-0.6936365460052575,-0.2504534027700255,152
591,591,0.3089234530669919,-0.4666796354970602,-0.48348189660983576,152
592,592,0.017520325383009017,-1.1646397749179977,0.17835544595680047,152
593,593,0.1488502996439696,-0.797603180043832,-0.18322418848819777,152
594,594,0.16724782243434105,-0.92168378129764,-0.030652604288337715,152
595,595,0.26078320336516597,-0.4919042555334638,-0.49087023258029927,152
596,596,0.22154412216426594,-0.5157610147094576,-0.4878706264262671,152
597,597,0.12639555232224184,-0.8066771510029126,-0.1843943618196062,152
598,598,0.15262738107311727,-1.133833291385799,0.20265710402221995,152
599,599,0.15821403551383015,-0.5749850493436657,-0.4338832016774633,152
600,600,0.08368082745588869,-1.2348866442381523,0.08136557853696749,152
601,601,0.22407960652513606,-0.17952148543262145,-0.8746177740549433,152
602,602,0.1653632448928768,-1.0217112476610115,0.08731117945822162,152
603,603,0.0763088522569688,-0.9269224447824276,-0.07048711353925989,152
604,604,0.16550461778440534,-0.496163380541245,-0.5402057321769255,152
605,605,0.044715619262427016,-0.86574443980778,-0.16725013610608397,152
606,606,0.21983629031313154,-0.7173397928428825,-0.25912564671113686,152
607,607,0.11225187477094292,-0.5350095992826718,-0.5355526473774459,152
608,608,0.20707298004079072,-0.448342916306631,-0.5886239953594486,152
609,609,0.17463245612647685,-0.7963098464413543,-0.1986710473660718,152
610,610,0.13645018165363096,-0.9914102103047336,0.007447607820548211,152
611,611,0.08937703109957681,-1.2118986790894748,0.24950408971228316,152
612,612,0.32706650465261183,-0.7432249659022712,-0.1826127867491012,152
613,613,0.17923411416981186,-0.589352506632845,-0.437170534167862,152
614,614,0.18674426806103722,-0.8486595420557995,-0.11891362805835537,152
615,615,0.10180849956376929,-1.0203120852476264,0.03749335578758079,152
616,616,0.21662020491045106,-0.6996063656314333,-0.2692697952912859,152
617,617,0.1930285592727491,-0.5809087210889822,-0.41613381847954783,152
618,618,0.07780906115862035,-0.9028182241355582,-0.09831178010831032,152
619,619,0.07884197054434075,-0.7781918326273332,-0.2420480115138441,152
620,620,0.0154106159481736,-0.9934822737001544,-0.026000545330702014,152
621,621,0.06475649840110191,-1.1294094885546428,0.15069812541379987,152
622,622,0.11620842287494312,-1.4542688143747329,0.5530497993516096,152
623,623,0.11490495298468256,-0.907081922073937,-0.08089218276237047,152
624,624,0.03709023759183028,-1.2157534189027144,0.23787434373456828,152
625,625,0.18776451895354104,-0.5439919232711025,-0.4688869770825955,152
626,626,0.07826985397243114,-1.4346888440665861,0.5081735896495625,152
627,627,0.1754539568451163,-0.8027530742602911,-0.16997941063328031,152
628,628,0.1866531742313494,-0.5466337167881594,-0.4672454517247231,152
629,629,0.1518892844452959,-1.1593697287813514,0.10868651215873469,152
630,630,0.26322167871260205,-0.44023445110160175,-0.671723205978941,152
631,631,0.22574804325252237,-0.2125143111516004,-0.946592861646097,152
632,632,0.01752813342555369,-1.4647509758842079,0.41065661792912805,152
633,633,0.11267824121535198,-1.0992012427097109,0.03647545306729586,152
634,634,0.12076098489318664,-1.0016896416098224,-0.07062359510634728,152
635,635,0.32409459803496476,-0.23792431800371905,-0.8639508698515754,152
636,636,-0.04227041107302952,-1.7733279794331305,0.7537676202380236,152
637,637,0.14401014139199733,-1.0572347104127067,0.006856366103779437,152
638,638,0.1965602788801144,-0.7990730894607363,-0.27244785332437604,152
639,639,0.2406160942053522,-0.6063363080861901,-0.4697896287017844,152
640,640,0.06269375552520944,-1.1321864189727016,0.053291230983421624,152
641,641,0.11608029999500555,-1.0404052505992172,-0.032675385997668976,152
642,642,0.2687401902365614,-0.6793306610813789,-0.37765092276098516,152
643,643,0.2705772097007079,-0.31909398261276467,-0.8023671531497768,152
644,644,0.21422396397496116,-0.9241055666239651,-0.13052927986116858,152
645,645,0.10980050432294042,-1.2081848525106231,0.14513654615680188,152
646,646,0.08141815136938264,-1.1192214386867625,0.03360907254754164,152
647,647,0.11931838988122101,-1.1424555677241783,0.08150304134407985,152
648,648,0.15910261441614904,-1.055500214580023,-0.001949906304357273,152
649,649,0.1858097873328499,-0.5575676461689402,-0.5724148467877536,152
650,650,0.27700819746931965,-0.5468901357615328,-0.544068740349154,152
651,651,0.21856665527389788,-0.8546125349716757,-0.24463357897922475,152
652,652,0.20875573151284246,-0.8965606970634988,-0.16887390993987106,152
653,653,0.2091247206749157,-0.7652621800615259,-0.32386790815007754,152
654,654,-0.03324934179757275,-1.244632720886991,0.12403970721605828,152
655,655,0.1817147056255192,-0.6744603330293275,-0.4450514526307813,152
656,656,0.19226538226584505,-0.6905437799091725,-0.4218642156226329,152
657,657,0.14172995636160324,-1.0957398377140992,0.013297136423009337,152
658,658,0.03159361224773096,-1.254900844130004,0.14153370039660682,152
659,659,0.13216758862155323,-1.1057602274125629,0.0143101329431702,152
660,660,0.22905628721796517,-0.6742504386542082,-0.45031647439118944,152
661,661,0.06037393876371739,-0.9651579575372579,-0.19217737928914067,152
662,662,0.07737394024226747,-1.0361522315525429,-0.09943601356582946,152
663,663,0.2440151953931328,-0.33188429159999533,-0.8332310322884064,152
664,664,0.16859187048509872,-0.9896412722994051,-0.09630041646472216,152
665,665,0.17718402978713577,-1.1408199549754356,0.09315642628602902,152
666,666,0.13794483028256105,-1.2102744411131798,0.14713988147291412,152
667,667,0.24150751239586893,-0.4160083414487801,-0.7310216592647708,152
668,668,0.1519216996522238,-0.8365493335385936,-0.28749244839389615,152
669,669,0.02582488845131709,-1.6120483981040161,0.5578296871233865,152
670,670,0.2827247493450939,-0.7331849241130471,-0.3449968604007241,152
671,671,0.09442587703410646,-1.3228402147634715,0.2630380657636048,152
672,672,0.16389060074748169,-0.9831020639517322,-0.09523264891044905,152
673,673,0.25064895566055617,-0.5291271990208266,-0.5778078757695804,152
674,674,0.12075873712336317,-0.9617506271843539,-0.13839293742001504,152
675,675,0.08447381698887257,-1.0536744851193864,-0.05417310609036774,152
676,676,0.09893135418973233,-1.2327044250139705,0.15482468573632907,152
677,677,0.20012216592458368,-0.9149493509325459,-0.164191789356021,152
678,678,0.04601518513141524,-1.3129625381713934,0.2267775894976036,152
679,679,0.18889905119601688,-0.6929878386514635,-0.4325701241169871,152
680,680,0.1257723285627671,-0.8576123355862291,-0.27266426135166655,152
681,681,0.2615629428865589,-0.8577043592742737,-0.23273711412203799,152
682,682,0.26363727952259347,-0.6221624569854073,-0.48946366960654997,152
683,683,0.18905308258076178,-0.6193675487761204,-0.5287017187278443,152
684,684,0.11879040058005629,-1.0098452448869186,-0.11173567886957551,152
685,685,0.1971484847518128,-0.9970675284634362,-0.10221292283604852,152
686,686,0.24680065541910712,-0.5753865045140255,-0.5557316254786161,152
687,687,0.18033161736203798,-0.9453355748177626,-0.15710393584224663,152
688,688,0.06502634908359299,-1.3728898623241486,0.2868457140783507,152
689,689,0.19387833456969422,-1.1241647452696786,0.058958962570376604,152
690,690,0.2492773428535421,-0.837683483113037,-0.2562811656846637,152
691,691,0.20719648907740643,-0.8639162721484497,-0.24555005716239953,152
692,692,0.15988921555068708,-0.8120979468836995,-0.3300358937424096,152
693,693,0.24019528803366436,-0.6023509310519419,-0.5397822825043996,152
694,694,0.11811559641831697,-0.6723141321738346,-0.5183642658628073,152
695,695,0.1323013900778867,-0.971844680830053,-0.16519880923239436,152
696,696,0.1353383637167396,-1.2961214079669452,0.220191238840147,152
697,697,0.10206403550159471,-1.1364401862219793,0.01543017382967423,152
698,698,0.15895804732539745,-1.1086834811453734,0.013525230126958741,152
699,699,0.31761723522578467,-0.4381647657347354,-0.6864587996442838,152
700,700,0.24748930111081222,-0.6861256592320542,-0.4342611574942933,152
701,701,0.1272662673696477,-1.1761507097751014,0.0801325166403328,152
702,702,0.21480069439019261,-0.7067715095512144,-0.42423511453167617,152
703,703,0.2251293150326948,-0.9250197760260953,-0.1645461954122555,152
704,704,0.15842094864126396,-0.7717373451440416,-0.3765564387169457,152
705,705,0.17234517287558762,-0.9341141891360282,-0.17330911485202324,152
706,706,0.1585691831459378,-0.8748552558209436,-0.25337281485293917,152
707,707,0.05380205131827679,-1.362611756070174,0.2646313319529842,152
708,708,0.23664132733541443,-0.7167865833486627,-0.3956655975801544,152
709,709,0.22782628390982948,-0.7013371309154716,-0.4156531000710284,152
710,710,0.09302267714588917,-1.364195182995369,0.2912133026324289,152
711,711,0.2778372696231539,-0.6266815588530681,-0.4843502940317948,152
712,712,0.20458623679398757,-0.5770014919854045,-0.5780493946211421,152
713,713,0.17226993173833896,-0.7871524744368205,-0.3495557907596411,152
714,714,0.1537607302788439,-1.0206768039317637,-0.07739459729574602,152
715,715,0.07044714177206905,-1.3558027984471481,0.2717811819955988,152
716,716,0.19185131940362737,-0.9508149816465524,-0.14029154766438842,152
717,717,0.20146443942021777,-0.7467649792609248,-0.3754446491670139,152
718,718,0.11948164895260983,-1.255500075932618,0.1695299947663606,152
719,719,0.21064776218582643,-0.9770705516199767,-0.11827858735502451,152
720,720,0.10624334942546812,-0.9846173678147061,-0.15754058765328816,152
721,721,0.18287514637280236,-0.8812017300556569,-0.2002805486176798,152
722,722,0.18918416305257235,-0.7721443882890906,-0.36690879758935163,152
723,723,0.14371580184879817,-1.2459302193095554,0.15732684779960066,152
724,724,0.13507679429149308,-1.0406803667893991,-0.08898054428689899,152
725,725,0.1631499014388121,-1.1051531577952631,0.008836330066573599,152
726,726,0.04428227290119771,-1.3875348347608085,0.2836205565240694,152
727,727,0.28898916553941933,-0.4742077884841904,-0.6817668666601854,152
728,728,0.22988027231377814,-0.9966435827413899,-0.11181908427168456,152
729,729,0.17408317216382646,-1.0345425939913884,-0.10153033659333358,152
730,730,0.16877914520249593,-0.9160156181253261,-0.24013164974538567,152
731,731,0.2681057276279696,-0.7447633960275352,-0.3905522666072185,152
732,732,0.30202445596039956,-0.4521646305615959,-0.7207672549872882,152
733,733,0.3201856080082821,-0.7178749617596416,-0.3720599509050623,152
734,734,0.1585230447127193,-1.1107666341591027,-0.01318144723927573,152
735,735,0.11594697175337153,-1.1548518826383398,0.014744108645053133,152
736,736,0.16505033167271532,-1.127486879937318,0.023679458718272147,152
737,737,0.15088086392028402,-1.1921291571455261,0.08078397081316961,152
738,738,0.10938372047619982,-1.1524126375072041,0.011869699797823336,152
739,739,0.1751003471607826,-0.5997594083783425,-0.5963465773638188,152
740,740,0.1542423445394405,-1.0197332079567485,-0.10978800662396154,152
741,741,0.21106525585461633,-0.7105830524365204,-0.43535461569648876,152
742,742,0.0776756146133114,-1.0849621623371715,-0.058315990678764265,152
743,743,0.286863130197445,-0.5458471308678796,-0.5947574591436351,152
744,744,0.15552629432333936,-1.0353451956331319,-0.0923038258436613,152
745,745,0.13496842812526705,-1.1267041030484743,0.0025893100504248367,152
746,746,0.12408212395919542,-1.3769081393442069,0.28645928391585185,152
747,747,0.13438826690346292,-1.0676172929574974,-0.07289382770920882,152
748,748,0.020824428719829646,-1.734017770433812,0.6502642815334859,152
749,749,0.3082548006963482,-0.6510982037926667,-0.48082590287176513,152
750,750,0.20994551157150562,-0.6892997544279212,-0.48071720823810754,152
751,751,0.1578719012859636,-0.856525024541202,-0.3144874765219677,152
752,752,0.2800086152726223,-0.6860344517650315,-0.4561211781652443,152
753,753,0.15735893655151362,-1.095181249532632,-0.031397989892640484,152
754,754,0.08735770567237973,-1.3324361695304943,0.21656395128297024,152
755,755,0.2589181459300636,-0.6452470710745876,-0.4971459761680835,152
756,756,0.2222813906663631,-0.6506225980817696,-0.5114806886814711,152
757,757,0.1803016865322834,-1.1445583205068077,0.06685116529358126,152
758,758,0.11428409529870621,-1.4517560674941288,0.3805004358574848,152
759,759,0.28406004292390774,-0.6788056426055344,-0.44382039781601557,152
760,760,0.24803397123014054,-0.7226274609821065,-0.5561394645143835,152
761,761,0.23759769424346186,-0.6341143186243448,-0.5186920892347332,152
762,762,0.14083049352119198,-0.9743871726882859,-0.16506527138538127,152
763,763,0.14076282381913838,-1.3104266859572433,0.23068283559271846,152
764,764,0.19977565446074513,-0.5597732846578302,-0.6253476615189806,152
765,765,0.16866084152757665,-0.7584469228865096,-0.41018884198376404,152
766,766,0.21560196518042088,-0.8729104522704435,-0.26015006129704105,152
767,767,0.22041940912680863,-0.8167330358514612,-0.32322773823752593,152
768,768,0.15597785945050602,-0.9929449909802358,-0.1407984027390233,152
769,769,0.28129410300429514,-0.7527139747866675,-0.3655859522304466,152
770,770,0.1694031970876951,-1.2246881927844275,0.12569104497417874,152
771,771,0.23287027939368765,-0.7814008369684489,-0.3589686925122084,152
772,772,0.1211976437573139,-1.2134415251797552,0.08861257134203854,152
773,773,0.09885102599446213,-1.1424965357408594,-0.01097071346337342,152
774,774,0.2963089688176996,-0.5631592624595111,-0.5891718841078485,152
775,775,0.22030915010178387,-0.7834859049622683,-0.37034362829620737,152
776,776,0.06572469567664124,-1.2336854808249282,0.08424087942058382,152
777,777,0.1376504907393621,-1.2166412790159549,0.10073882477230882,152
778,778,0.10559386225016108,-1.2168851826003242,0.08975910570921267,152
779,779,0.2391442781856815,-0.844505500272415,-0.2867653495355101,152
780,780,0.10899544781511519,-0.853358536943835,-0.3369293725276325,152
781,781,0.12666883381130536,-1.209710055669582,0.11591111485051261,152
782,782,0.3038250378926709,-0.5131593206661994,-0.6452698223445659,152
783,783,0.20040692287011438,-0.5142729810001162,-0.6802247364566445,152
784,784,0.2908912520247714,-0.543567404624685,-0.6119188565575914,152
785,785,0.18730987793082607,-0.8343147296677946,-0.32426428451828243,152
786,786,0.2816707819052381,-0.7021897051660685,-0.4363887980808218,152
787,787,0.32526332003949227,-0.7350038831249499,-0.41518817070654457,152
788,788,0.24000067848842216,-0.9855235575836858,-0.12450018433416678,152
789,789,0.24449787438680343,-1.062246888260447,-0.027826989831432346,152
790,790,0.29385345774107513,-0.6131355547719288,-0.5414627452505295,152
791,791,0.2834603615957417,-0.6549947383079817,-0.4989673806632318,152
792,792,0.20138068041837492,-0.7285472190522663,-0.44998075649724567,152
793,793,0.20711202025351408,-0.9417378347505466,-0.19974220465861245,152
794,794,0.1494689095601225,-0.9688153392931264,-0.1904196215901472,152
795,795,0.1628670373520801,-0.9108083686855134,-0.2527807703034227,152
796,796,0.20934358247351612,-0.8952337100404215,-0.2512991424677753,152
797,797,0.11281914089218084,-1.3448612928609835,0.224285507445496,152
798,798,0.20405138587967775,-0.7510686615650096,-0.4281020922658232,152
799,799,0.19260538702756283,-0.8273879222864381,-0.341658637234493,152
800,800,0.25183140089137435,-1.046163305343765,-0.05699417116170336,152
801,801,0.25146655235792326,-0.8417490172373947,-0.298438136268859,152
802,802,0.2636829447411123,-0.7266057431720867,-0.42533887575413215,152
803,803,0.20336297679532228,-0.991815742656064,-0.14256891655833934,152
804,804,0.07866214895846323,-0.8894564034673452,-0.3207702225953834,152
805,805,0.19569122008415718,-0.8174796897278953,-0.3466781705814208,152
806,806,0.09921066916621672,-1.355604896242429,0.23666331513667274,152
807,807,0.0922605648720592,-1.28371373920908,0.14830229408776233,152
808,808,0.1301897877842528,-0.8251228880216394,-0.3707692634578794,152
809,809,0.21824912821041456,-0.8873900771639156,-0.25604548967143137,152
810,810,0.3145984803528695,-0.45897287660732067,-0.7066414350946374,152
811,811,-0.054896607386139114,-0.8863815419118839,-0.4367470398935169,152
812,812,0.14621378394471865,-0.9407735637924003,-0.21715332765888348,152
813,813,0.15768131406566865,-1.0329220394740646,-0.1054232725863188,152
814,814,0.354179459174286,-0.328637406231961,-0.8304184415627396,152
815,815,0.2779814818028805,-0.427681181070658,-0.7529389709726252,152
816,816,0.19231388677256198,-0.8714341281934561,-0.2777028842772587,152
817,817,0.08477253376804353,-1.154305715666528,-0.0013908671011300694,152
818,818,0.24652169535364746,-1.0429443781618273,-0.04636154345647493,152
819,819,0.21149280533577458,-0.7003616212217146,-0.4663390089508929,152
820,820,0.21108359292422904,-0.8423548206656731,-0.29839964489879484,152
821,821,0.2283924852979931,-0.6229947094254308,-0.5520618769894564,152
822,822,0.1464503912945572,-1.0328733670634416,-0.12433114343898319,152
823,823,0.1527515999317825,-1.2368962222518087,0.12838347839862532,152
824,824,0.18103126529551078,-0.8227359438221443,-0.346876247260975,152
825,825,0.29869266956364804,-0.5131569766468542,-0.6502259319044353,152
826,826,0.05932848918845576,-1.3138524911590492,0.17816651265020478,152
827,827,0.1727833696874886,-0.5901946792975974,-0.6184880801164331,152
828,828,0.19867826957219395,-0.7498318565004913,-0.42539743794288565,152
829,829,0.14244131635889262,-1.0853444624744446,-0.059561897899360144,152
830,830,0.15806639252753088,-1.3680466160670324,0.279491944517852,152
831,831,0.2536100966437856,-0.6110204540302485,-0.5612129214608567,152
832,832,0.1310318733423284,-0.8714976573963353,-0.31648648546160707,152
833,833,0.15758820907350718,-0.8608540620188293,-0.31503108349571374,152
834,834,0.2537745387519234,-0.6821412449200369,-0.48256965559949544,152
835,835,0.3770798564394347,-0.7531403351625705,-0.3436139363912091,152
836,836,0.2041611716900026,-0.7367002415535991,-0.45776613786320375,152
837,837,0.06878047959980588,-1.4305480083207627,0.28702652985383165,152
838,838,0.2869891236112341,-0.2509720505440428,-1.0101258325642881,152
839,839,0.3573637208884132,-0.5093097711815099,-0.6397831295421887,152
840,840,0.16006607954469138,-1.15464954353986,0.023299808032308206,152
841,841,0.3484989899193621,-0.24785952771347658,-0.9560606793886893,152
842,842,0.2562427083217642,-0.8388892717787191,-0.312154533761157,152
843,843,0.16556116694101675,-0.5934993698569847,-0.6443927498687512,152
844,844,0.2518769478062182,-0.9251899424126245,-0.20916460659869274,152
845,845,0.2114774258580353,-0.9170077609384993,-0.22301525556711252,152
846,846,0.2566661171743003,-0.5402515381159195,-0.6332769283540315,152
847,847,0.12261586821224593,-0.8847585596602382,-0.29264774967880247,152
848,848,0.3262752896747517,-0.21816708123258902,-0.991616874808302,152
849,849,0.33031465035119567,-0.832025763384056,-0.23137916713133624,152
850,850,0.1924093578382216,-1.1169284540841464,0.028546052426786952,152
851,851,0.11852492713353743,-1.0633920463543152,-0.07632468885414603,152
852,852,0.10936254411838948,-1.0072424416202204,-0.14403016136256222,152
853,853,0.12631404109022246,-1.3191792123348642,0.22763251717013105,152
854,854,0.24448320473111346,-0.8160762918599122,-0.30437321116075605,152
855,855,0.14858754718197412,-0.82728237862967,-0.3429958889810351,152
856,856,0.22095402343376883,-0.4355869723173009,-0.7653067655553667,152
857,857,0.28328550876421127,-0.7147594251899172,-0.4104999842752682,152
858,858,0.05605337025199058,-1.2956655380617852,0.1556491057644487,152
859,859,0.2796981864296341,-0.5085311381840086,-0.6682649147151283,152
860,860,0.22581618616927632,-0.8146583066572538,-0.34432444337281176,152
861,861,0.21741981944923044,-1.12092569771633,0.016722912960545244,152
862,862,0.2382981703026591,-0.8761867320596418,-0.2598739760355142,152
863,863,0.16306779868841811,-0.9936195087077575,-0.15602323376037372,152
864,864,0.17544212647762436,-0.8831808881396856,-0.27572738049639567,152
865,865,0.17776821333388715,-1.0722043190643096,-0.05156265080981231,152
866,866,0.08510816129378995,-1.3551247071365622,0.23386553221501657,152
867,867,0.3006578119077321,-0.5422341180496173,-0.6088204573737883,152
868,868,0.18734773510680044,-1.0979106926302056,-0.020304000968473002,152
869,869,0.17821197041850934,-1.0944436054805562,-0.02962194544773006,152
870,870,0.12994265140734665,-1.4352719188787135,0.34830702108705375,152
871,871,0.1414615253232114,-0.9632471108741474,-0.19930510682937785,152
872,872,0.25797704019608075,-0.9418708840093188,-0.1596137694184395,152
873,873,0.28285239901033205,-0.38633464712265464,-0.8040917939979328,152
874,874,0.2564956415787416,-0.977160898392396,-0.11137244165311769,152
875,875,0.03934013688144503,-1.0920004048167753,-0.07965243059283932,152
876,876,0.19237268369899663,-0.9890713682075832,-0.12946088788142496,152
877,877,0.2907587519088616,-1.2289467527161166,0.18151405759667172,152
878,878,0.4037843083716126,-0.9091000808726964,-0.1685163817562849,152
879,879,0.16617965855349492,-0.9160484343961595,-0.23532509008566135,152
880,880,0.2927748831368361,-0.6797976650784288,-0.4456949230779617,152
881,881,0.14889963227641093,-1.067789855685232,-0.0687925120164089,152
882,882,0.16404617008000053,-1.1346187262251501,0.009401791931781393,152
883,883,-0.007124341265149208,-1.2763653432054876,0.1396009251586421,152
884,884,0.05882936598397113,-1.3641601064201672,0.23720852777591378,152
885,885,0.14368634423374327,-0.9521774114978544,-0.21352728895264722,152
886,886,0.22394722471290118,-0.6761777039171073,-0.4783542484529014,152
887,887,0.053778035672268173,-1.4825209446829497,0.3400222331502857,152
888,888,0.21675530770720888,-0.5983855200396164,-0.5911614820636135,152
889,889,0.20775937796267235,-0.40604718009627205,-0.8165940965172576,152
890,890,0.09135897256549964,-1.5755896467806882,0.47194959767175654,152
891,891,0.13567990642623154,-0.908886900684745,-0.27430030068576383,152
892,892,0.24936417775093286,-0.7193879425320144,-0.44131524743085027,152
893,893,0.01789937035745015,-1.3725449147630042,0.20399390975056872,152
894,894,0.14545403774438706,-1.0059157580639333,-0.1617852535933493,152
895,895,0.14701493643127175,-1.0863579630710267,-0.06714804293846195,152
896,896,0.084173089047228,-1.1739140967448636,0.0016223426077915373,152
897,897,0.1670750990689587,-1.067412834823672,-0.08877849804542641,152
898,898,0.23727969396527884,-0.5697639973970834,-0.6636366954299138,152
899,899,0.25818004930224225,-0.5720524718553345,-0.6517827807083484,152
900,900,-0.030910241537068863,-1.8465204857779682,0.676333509698147,152
901,901,0.09991954478633303,-1.0509975260799649,-0.1890784448835059,152
902,902,0.08667189926887292,-1.600588278237718,0.4507389348881349,152
903,903,0.2568462936712024,-1.0385982549806914,-0.12199374049624147,152
904,904,0.12282609384257749,-1.4593105069839163,0.30569364008586253,152
905,905,0.18622952877146348,-0.8696544524343303,-0.34726918928909295,152
906,906,0.22205590386196697,-0.8071642465943503,-0.40053803412699895,152
907,907,0.10208462034103066,-1.4540171252975382,0.3118807152568593,152
908,908,0.10702439028728496,-1.2854057653876896,0.11837759545833632,152
909,909,0.05587354866611328,-1.2784989240282558,0.08626312590808337,152
910,910,0.29320882101643997,-0.5852391712568399,-0.5973949431266922,152
911,911,0.14730418891644959,-1.0300452658659267,-0.15166804451206325,152
912,912,0.1795786144711768,-1.0065721096415294,-0.16168338303804605,152
913,913,0.09296695611500219,-1.134052122334672,-0.04168584553460528,152
914,914,0.40064452883925483,-0.47488391249282585,-0.6594813669339299,152
915,915,0.16737807478042674,-1.2393130736266997,0.12997023272238573,152
916,916,0.10994400668061793,-1.399178667143289,0.2793494863069769,152
917,917,0.3053733963900146,-0.7408750655799284,-0.38013974888028323,152
918,918,0.22063673297763534,-0.8843633726487524,-0.25487027633444137,152
919,919,0.005329249986252729,-1.6418813183156644,0.5230299204397766,152
920,920,0.15733160840260726,-1.1885065589624413,0.0635845280473422,152
921,921,0.19762998070873425,-0.8463418719994538,-0.31647854633777,152
922,922,0.11928715771104231,-1.2207134894096976,0.08749975595026284,152
923,923,0.15563193950504206,-1.242137700652685,0.13684167820886964,152
924,924,0.15602387958004962,-1.1210395396201551,-0.004583376123676485,152
925,925,0.2634625449947377,-0.9093183886029657,-0.1919873755388817,152
926,926,0.1576490171624157,-1.030387202304006,-0.10442526227744597,152
927,927,0.23725899082216798,-0.7359139277069934,-0.4115104830935477,152
928,928,-0.26721006097266464,-1.6893582581437363,0.5525557896009359,152
929,929,0.17054814005356406,-1.1704832372513445,0.034532508614528716,152
930,930,0.2756782275558772,-0.4003589985801751,-0.7678705673329242,152
931,931,0.24459381866716295,-1.0178552233460993,-0.058392259789783775,152
932,932,0.22876608830338818,-0.7633665590597876,-0.3646060056583942,152
933,933,0.17926463651794125,-1.0377615394859772,-0.06436649507903452,152
934,934,0.10249335953787675,-1.0179025236159336,-0.10225217243704102,152
935,935,0.14097340436049446,-1.1311136220117453,0.04064759644915969,152
936,936,0.10859451666081356,-1.058927296435222,-0.06205817252248286,152
937,937,0.28887583061884686,-0.5154132626965965,-0.6076346734056218,152
938,938,0.27545628986172843,-0.5109213263388476,-0.6162475969270512,152
939,939,0.18993373513686088,-0.9881194268958367,-0.09959247674796773,152
940,940,0.16499283608670456,-0.8862453690380466,-0.2300403989229375,152
941,941,0.24434348809103357,-0.9715859753913808,-0.08759654983372026,152
942,942,0.25035106700710946,-0.5864423229007585,-0.5486115694513002,152
943,943,0.1522889142591732,-1.0107988578821046,-0.0991048896592746,152
944,944,0.1298295530941236,-0.7897769180249739,-0.36564812716656425,152
945,945,0.33932465823304736,-0.4147391805458,-0.7085631936832324,152
946,946,0.21681966490636495,-0.9787310643420764,-0.09919534214883456,152
947,947,0.11995297079348799,-1.0733159650066015,-0.04171849406633995,152
948,948,0.15113734628750922,-0.8192380600254725,-0.3253891424012719,152
949,949,0.08384101063172938,-1.24711405372262,0.147334434608743,152
950,950,0.21574132690947578,-0.7199859186099794,-0.4012930537242729,152
951,951,0.2141376022922701,-0.571499032144929,-0.5779186220869262,152
952,952,0.08036027990825449,-1.470196718828026,0.40973755284043334,152
953,953,0.10532661424851844,-1.3682563639409426,0.3051252345005805,152
954,954,0.12119752545363877,-0.9760966115820313,-0.15680688772564433,152
955,955,0.18900244860789633,-0.9169529956472346,-0.19057394388495844,152
956,956,0.28808757323285955,-0.6063877090818321,-0.5738323372072337,152
957,957,0.04730398536598603,-1.2803739302170025,0.1554203876350288,152
958,958,0.16875169874991466,-1.3062635192414078,0.24696365928804423,152
959,959,0.09001054727876953,-0.9704647283877083,-0.19062773367904604,152
960,960,0.17388028136134012,-0.9755980077974021,-0.14177125762180548,152
961,961,0.193538684719001,-0.5710180896042727,-0.6109866339322003,152
962,962,0.13396012590393006,-1.1545906081963226,0.04869028571071495,152
963,963,0.08726696675371665,-1.0686483580026107,-0.07963967447251676,152
964,964,0.1730197404299771,-0.7999388697488943,-0.3517803510995293,152
965,965,0.11547695125291725,-0.879334195428573,-0.2903461173951471,152
966,966,0.13972719344889462,-0.8604082693039794,-0.302772942485745,152
967,967,0.2289576219530825,-0.6228175685349123,-0.5235375416808954,152
968,968,0.1590368375728937,-0.9580094990587534,-0.17735111012514132,152
969,969,0.11939067342659669,-1.0267097341859357,-0.11863227978215007,152
970,970,0.2773323495385987,-0.566040397094712,-0.5839130173985051,152
971,971,0.19641204437544055,-1.1984882514129644,0.11813942174322277,152
972,972,0.21565579335250915,-0.9943146621770149,-0.10924439965021548,152
973,973,0.08402509114990377,-1.2494936728616612,0.12258550949928632,152
974,974,0.29433471709064674,-0.7134561085764779,-0.3990849514557098,152
975,975,0.10991052674061556,-1.472973544602364,0.4004121152555323,152
976,976,0.20973504933382422,-1.0821678662936511,-0.015063019588672795,152
977,977,0.16888029484455191,-0.8303123584932934,-0.33248703132439106,152
978,978,0.08649042143154653,-1.3609913271253151,0.2420148198247221,152
979,979,0.16751554365068316,-1.1640754313318882,0.04777960576405044,152
980,980,0.2671136330100961,-0.7110216770564977,-0.42135263275515117,152
981,981,0.03765845014246733,-1.2659726520772705,0.11591004440684902,152
982,982,0.2475690377877078,-0.7125395132975142,-0.42703347727698326,152
983,983,0.13857444244048142,-0.9633023758391788,-0.18396306222688166,152
984,984,0.1744067327147309,-1.102682059115525,-0.0005673391093966175,152
985,985,0.2906228209863796,-0.4651528417535457,-0.6904991892519067,152
986,986,0.2908426292143796,-0.6784147773797163,-0.4273018910255886,152
987,987,0.21544604093687728,-1.1175989377962323,0.049239780124609896,152
988,988,0.23043866565939689,-0.5413530597782269,-0.6114817141265374,152
989,989,0.2705179395595736,-0.34040450891750806,-0.8490847712629326,152
990,990,0.24686666886971229,-0.593893541824379,-0.5700949723600005,152
991,991,0.2538855075989977,-0.5303320249642777,-0.6433634290827229,152
992,992,0.26872552058087146,-0.8077053174169607,-0.31825178086806394,152
993,993,0.1718025139187327,-0.81546835369973,-0.3478274256595727,152
994,994,0.16702872402839056,-1.115289450878851,0.0030117784829258795,152
995,995,0.2579475825810257,-1.1629711680040966,0.08300549822934486,152
996,996,0.13269072747204602,-1.0327628031241696,-0.10401296305974754,152
997,997,0.16664021475995544,-0.8074213771450249,-0.35750080203690837,152
998,998,0.27829463163039186,-0.39648324630780474,-0.7766130591394481,152
999,999,0.26975807505556687,-0.4771702940766616,-0.6838498162237655,152
